110	11/25/13	13.4	13.79	13.36	13.5	53232800	13.5	1	深发展Ａ	SZ110	11/25/13	7.77	7.97	7.54	7.88	7481100	7.88	10	S ST华新	SZ110	11/25/13	2.37	2.38	2.33	2.35	134289800	2.3	100	TCL 集团	SZ110	11/25/13	7.99	8.12	7.9	8.03	3421000	8.03	11	深物业A	SZ110	11/25/13	8.93	9.15	8.87	9.04	19231400	8.72	12	南 玻Ａ	SZ110	11/25/13	11.35	11.95	11.2	11.62	17654300	11.62	14	沙河股份	SZ110	11/25/13	5.3	5.35	5.26	5.32	1329500	5.32	150	宜华地产	SZ110	11/25/13	7.44	7.53	7.37	7.44	1468800	7.44	151	中成股份	SZ110	11/25/13	7.4	7.48	7.34	7.36	1381200	7.36	153	丰原药业	SZ110	11/25/13	3.84	3.99	3.79	3.93	5628400	3.93	155	川化股份	SZ110	11/25/13	5.66	5.72	5.63	5.65	22280300	5.65	157	中联重科	SZ110	11/25/13	4.87	4.92	4.79	4.86	2075900	4.86	158	常山股份	SZ110	11/25/13	8.27	8.49	8.06	8.15	12784500	8.15	159	国际实业	SZ110	11/25/13	3.6	3.65	3.57	3.6	6667300	3.6	16	深康佳Ａ	SZ110	11/25/13	4.79	4.86	4.72	4.77	9551600	4.77	1696	宗申动力	SZ110	11/25/13	4.19	4.19	4.19	4.19	0	4.19	17	*ST中华A	SZ110	11/25/13	9.2	9.29	9.1	9.27	281500	9.27	18	ST中冠A	SZ110	11/25/13	6.22	6.32	6.14	6.26	6797700	6.26	1896	*ST豫能	SZ110	11/25/13	7.63	7.74	7.62	7.74	1041300	7.74	19	深深宝Ａ	SZ110	11/25/13	8.6	8.69	8.5	8.61	79064400	8.21	2	万 科Ａ	SZ110	11/25/13	6.48	6.71	6.4	6.55	1438500	6.55	20	深华发Ａ	SZ110	11/25/13	20.31	20.63	20.3	20.42	4042300	20.42	2001	新 和 成	SZ110	11/25/13	10.36	10.6	10.35	10.4	1239000	10.4	2002	ST琼花	SZ110	11/25/13	12.06	12.25	11.99	12.1	2066400	8.74	2003	伟星股份	SZ110	11/25/13	15.6	15.68	15	15.38	4462900	15.38	2004	华邦制药	SZ110	11/25/13	8.21	8.57	8.1	8.46	28107300	8.46	2005	德豪润达	SZ110	11/25/13	7.16	7.34	7.1	7.19	4119600	7.19	2006	精功科技	SZ110	11/25/13	25.75	26.05	25.7	25.75	3064900	25.75	2007	华兰生物	SZ110	11/25/13	11.15	11.6	11.15	11.42	33516500	11.42	2008	大族激光	SZ110	11/25/13	12.46	12.58	12.3	12.41	2284200	12.41	2009	天奇股份	SZ110	11/25/13	8.24	8.3	8.1	8.12	3238600	8.12	2010	传化股份	SZ110	11/25/13	8.72	8.78	8.66	8.67	6407600	8.67	2011	盾安环境	SZ110	11/25/13	5.29	5.39	5.28	5.37	4855700	5.37	2012	凯恩股份	SZ110	11/25/13	15.65	15.95	15.21	15.26	9670800	15.26	2013	中航精机	SZ110	11/25/13	8.28	8.36	8.24	8.24	2794800	7.98	2014	永新股份	SZ110	11/25/13	6.38	6.38	6.38	6.38	0	6.38	2015	霞客环保	SZ110	11/25/13	6.92	7.07	6.87	6.96	5760800	6.96	2016	世荣兆业	SZ110	11/25/13	15.74	16.58	15.3	15.44	7564300	15.44	2017	东信和平	SZ110	11/25/13	6.86	6.86	6.86	6.86	0	6.85	2018	华星化工	SZ110	11/25/13	16.95	17.2	16.62	16.92	2860500	16.92	2019	鑫富药业	SZ110	11/25/13	12.55	12.55	12.3	12.39	1999700	12.39	2020	京新药业	SZ110	11/25/13	6.64	6.64	6.4	6.44	9611200	6.44	2021	中捷股份	SZ110	11/25/13	15.43	15.84	15.35	15.7	5239800	15.55	2022	科华生物	SZ110	11/25/13	18.05	18.4	17.2	17.2	8559200	17.2	2023	海特高新	SZ110	11/25/13	11.26	11.56	10.99	11	165104700	11	2024	苏宁电器	SZ110	11/25/13	12.95	13.53	12.87	13.15	16935500	13.15	2025	航天电器	SZ110	11/25/13	5.77	6.05	5.72	6	1977800	5.96	2026	山东威达	SZ110	11/25/13	6.36	6.36	6.17	6.27	6202900	6.27	2027	七喜控股	SZ110	11/25/13	14.1	14.33	14.02	14.05	3643400	14.05	2028	思源电气	SZ110	11/25/13	8.01	8.11	7.97	7.99	6475100	7.99	2029	七 匹 狼	SZ110	11/25/13	13.7	13.98	13.62	13.78	6261600	13.78	2030	达安基因	SZ110	11/25/13	7.18	7.31	7.18	7.25	3247000	7.25	2031	巨轮股份	SZ110	11/25/13	14.4	14.65	14.32	14.52	2422400	14.52	2032	苏 泊 尔	SZ110	11/25/13	12.6	12.93	12.58	12.75	2225300	12.64	2033	丽江旅游	SZ110	11/25/13	13.53	13.95	13.48	13.81	2363300	13.81	2034	美 欣 达	SZ110	11/25/13	14.11	14.16	13.86	14.06	1519000	11.56	2035	华帝股份	SZ110	11/25/13	8.01	8.15	7.9	8.05	3666600	8.05	2036	宜科科技	SZ110	11/25/13	10.34	10.47	10.23	10.32	2049800	10.32	2037	久联发展	SZ110	11/25/13	46.76	47	46.14	46.35	2749100	46.35	2038	双鹭药业	SZ110	11/25/13	10.26	10.32	10.18	10.19	792000	10.19	2039	黔源电力	SZ110	11/25/13	5.57	5.84	5.56	5.66	3586100	5.66	2040	南 京 港	SZ110	11/25/13	34.9	35.65	33.88	35.33	2951400	35.33	2041	登海种业	SZ110	11/25/13	4.43	4.47	4.4	4.43	3862800	4.43	2042	华孚色纺	SZ110	11/25/13	3.98	3.99	3.91	3.94	6980500	3.94	2043	兔 宝 宝	SZ110	11/25/13	7.01	7.26	7.01	7.2	5073900	7.2	2044	江苏三友	SZ110	11/25/13	6.18	6.21	6.08	6.08	5340700	6	2045	广州国光	SZ110	11/25/13	6.96	7.23	6.95	7.17	4473600	7.17	2046	轴研科技	SZ110	11/25/13	6.31	6.33	6.01	6.01	5529500	6.01	2047	成霖股份	SZ110	11/25/13	8.04	8.23	8.02	8.14	5627500	8.14	2048	宁波华翔	SZ110	11/25/13	48.3	51.98	48.04	50.6	4841000	50.6	2049	晶源电子	SZ110	11/25/13	10.36	10.56	10.36	10.49	2488300	10.49	2050	三花股份	SZ110	11/25/13	19.76	20.1	19.7	19.9	2226500	19.9	2051	中工国际	SZ110	11/25/13	13.61	13.77	13.2	13.46	17937600	13.46	2052	同洲电子	SZ110	11/25/13	7.74	7.94	7.73	7.76	1463600	7.76	2053	云南盐化	SZ110	11/25/13	6.85	6.85	6.85	6.85	0	6.85	2054	德美化工	SZ110	11/25/13	9.63	9.77	9.5	9.68	3840200	9.68	2055	得润电子	SZ110	11/25/13	16.6	16.84	16.31	16.34	3586500	16.34	2056	横店东磁	SZ110	11/25/13	12.59	12.68	12.39	12.4	1115500	12.4	2057	中钢天源	SZ110	11/25/13	7.21	7.4	7.19	7.29	1994400	7.29	2058	威 尔 泰	SZ110	11/25/13	9.1	9.26	9.05	9.26	1398400	9.26	2059	云南旅游	SZ110	11/25/13	4.3	4.32	4.26	4.27	3856000	4.27	2060	粤 水 电	SZ110	11/25/13	6.07	6.14	5.92	6	13820200	6	2061	江山化工	SZ110	11/25/13	4.57	4.84	4.53	4.68	6687900	3.34	2062	宏润建设	SZ110	11/25/13	18.73	19.01	18.5	18.69	4338500	18.69	2063	远光软件	SZ110	11/25/13	9.1	9.53	9.04	9.24	11436300	9.19	2064	华峰氨纶	SZ110	11/25/13	32.2	33.85	31.55	32.1	7404800	32.1	2065	东华软件	SZ110	11/25/13	4.74	4.88	4.74	4.79	2138800	4.79	2066	瑞泰科技	SZ110	11/25/13	2.23	2.25	2.21	2.23	7600500	2.23	2067	景兴纸业	SZ110	11/25/13	4.61	4.61	4.49	4.51	7156000	4.51	2068	黑猫股份	SZ110	11/25/13	15.8	16.46	15.42	16.1	7404700	16.1	2069	獐 子 岛	SZ110	11/25/13	5.88	5.98	5.84	5.91	3576000	5.91	2070	众和股份	SZ110	11/25/13	17.61	17.61	17.61	17.61	652400	17.61	2071	江苏宏宝	SZ110	11/25/13	7.33	7.39	7.31	7.35	1401000	7.35	2072	*ST德棉	SZ110	11/25/13	7.79	8.03	7.74	7.96	13552200	7.96	2073	软控股份	SZ110	11/25/13	6.67	6.78	6.59	6.68	3415300	6.68	2074	东源电器	SZ110	11/25/13	7.63	7.71	7.58	7.59	2213500	7.59	2076	雪 莱 特	SZ110	11/25/13	6.11	6.25	6.09	6.16	2627000	6.16	2077	大港股份	SZ110	11/25/13	5.27	5.42	5.27	5.38	7107200	5.38	2078	太阳纸业	SZ110	11/25/13	5.75	5.8	5.67	5.7	6143000	5.7	2079	苏州固锝	SZ110	11/25/13	14.85	15.1	14.72	14.8	1835000	14.67	2080	中材科技	SZ110	11/25/13	20.9	21.3	20.75	21.07	5134200	21.07	2081	金 螳 螂	SZ110	11/25/13	7.13	7.19	7	7	3912000	7	2082	栋梁新材	SZ110	11/25/13	3.96	4.07	3.95	4.05	8343100	4.05	2083	孚日股份	SZ110	11/25/13	5.19	5.36	5.18	5.25	5341100	5.25	2084	海鸥卫浴	SZ110	11/25/13	16.35	16.35	15.43	15.53	3997700	15.53	2085	万丰奥威	SZ110	11/25/13	9.48	9.7	9.42	9.54	5223600	9.54	2086	东方海洋	SZ110	11/25/13	3.76	3.87	3.73	3.83	7146300	3.83	2087	新野纺织	SZ110	11/25/13	8.4	8.53	8.35	8.37	1700500	8.37	2088	鲁阳股份	SZ110	11/25/13	7.5	7.97	7.4	7.75	11025500	7.71	2089	新 海 宜	SZ110	11/25/13	9.29	9.42	9.15	9.26	1106400	9.26	2090	金智科技	SZ110	11/25/13	12.8	12.8	11.9	12.31	12395000	12.31	2091	江苏国泰	SZ110	11/25/13	5.43	5.45	5.36	5.42	6205200	5.36	2092	中泰化学	SZ110	11/25/13	5.34	5.42	5.31	5.32	4024700	5.32	2093	国脉科技	SZ110	11/25/13	7.8	7.82	7.59	7.6	4502000	7.6	2094	青岛金王	SZ110	11/25/13	31.14	31.29	30.29	30.3	3225100	30.3	2095	生 意 宝	SZ110	11/25/13	11.97	12.49	11.97	12.3	3562600	12.3	2096	南岭民爆	SZ110	11/25/13	7.27	7.43	7.22	7.28	8045200	7.28	2097	山河智能	SZ110	11/25/13	8.6	8.78	8.56	8.66	1547000	8.66	2098	浔兴股份	SZ110	11/25/13	6.69	6.69	6.69	6.69	0	6.69	2099	海翔药业	SZ110	11/25/13	5.3	5.38	5.26	5.31	5181500	5.31	21	长城开发	SZ110	11/25/13	10.08	10.16	9.93	10.04	6811600	10.04	2100	天康生物	SZ110	11/25/13	10.23	10.24	9.95	10.14	3225800	10.14	2101	广东鸿图	SZ110	11/25/13	5.4	5.41	5.3	5.31	3214500	5.31	2102	冠福家用	SZ110	11/25/13	6.38	6.74	6.36	6.68	2420900	6.68	2103	广博股份	SZ110	11/25/13	14.53	15.06	14.34	14.36	14146500	14.36	2104	恒宝股份	SZ110	11/25/13	5.43	5.43	5.33	5.34	2634800	5.34	2105	信隆实业	SZ110	11/25/13	12.55	12.8	12.48	12.57	9497800	12.57	2106	莱宝高科	SZ110	11/25/13	12.19	12.19	12.19	12.19	0	12.19	2107	沃华医药	SZ110	11/25/13	8.25	8.25	8.25	8.25	0	8.25	2108	沧州明珠	SZ110	11/25/13	5.31	5.38	5.28	5.28	4272700	5.28	2109	兴化股份	SZ110	11/25/13	4.72	4.76	4.68	4.73	2788500	4.73	2110	三钢闽光	SZ110	11/25/13	10.4	10.76	10.24	10.34	19708400	10.34	2111	威海广泰	SZ110	11/25/13	5.8	5.92	5.75	5.83	2622900	5.83	2112	三变科技	SZ110	11/25/13	9.64	10.5	9.55	9.97	1887000	9.97	2113	ST天润	SZ110	11/25/13	8.05	8.13	7.96	7.97	1352700	7.97	2114	罗平锌电	SZ110	11/25/13	6.74	6.98	6.72	6.9	8239900	6.9	2115	三维通信	SZ110	11/25/13	13.37	13.56	13.26	13.37	1647400	13.37	2116	中国海诚	SZ110	11/25/13	11.08	11.54	10.93	11.54	7439500	9.5	2117	东港股份	SZ110	11/25/13	10.01	10.51	10	10.41	7397900	10.41	2118	紫鑫药业	SZ110	11/25/13	6.89	7.15	6.88	7	1332700	6.98	2119	康强电子	SZ110	11/25/13	7.67	7.73	7.61	7.7	1402400	7.7	2120	新海股份	SZ110	11/25/13	7.38	7.52	7.36	7.38	2619100	7.38	2121	科陆电子	SZ110	11/25/13	4.42	4.49	4.4	4.44	3449400	4.44	2122	天马股份	SZ110	11/25/13	7.13	7.29	7.06	7.2	5999300	7.2	2123	荣信股份	SZ110	11/25/13	7.3	7.45	7.22	7.35	4322600	7.27	2124	天邦股份	SZ110	11/25/13	8.55	8.55	8.55	8.55	0	8.55	2125	湘潭电化	SZ110	11/25/13	8.39	8.66	8.35	8.41	6587200	8.41	2126	银轮股份	SZ110	11/25/13	6.65	6.65	6.65	6.65	0	6.65	2127	新民科技	SZ110	11/25/13	8.82	8.85	8.72	8.77	3043200	8.77	2128	露天煤业	SZ110	11/25/13	21.45	21.98	21.4	21.63	3884000	21.63	2129	中环股份	SZ110	11/25/13	6.53	6.57	6.45	6.49	4952600	6.47	2130	沃尔核材	SZ110	11/25/13	11.71	11.96	11.52	11.8	2869200	11.77	2131	利欧股份	SZ110	11/25/13	3.91	3.94	3.87	3.89	1843700	3.89	2132	恒星科技	SZ110	11/25/13	3.9	4.1	3.88	4.05	17160100	3.97	2133	广宇集团	SZ110	11/25/13	6.88	7.04	6.82	6.93	2741400	6.93	2134	天津普林	SZ110	11/25/13	3.63	3.66	3.59	3.63	4777900	3.63	2135	东南网架	SZ110	11/25/13	7.33	7.45	7.28	7.29	2767000	7.29	2136	安 纳 达	SZ110	11/25/13	4.18	4.19	4.13	4.16	1249300	4.16	2137	实 益 达	SZ110	11/25/13	17.57	17.57	17	17.15	5918600	17.15	2138	顺络电子	SZ110	11/25/13	8.33	8.42	8.22	8.31	2851800	8.31	2139	拓邦股份	SZ110	11/25/13	20.98	21.51	20.86	21.3	2980600	21.3	2140	东华科技	SZ110	11/25/13	7.43	7.45	7.32	7.34	2434500	7.34	2141	蓉胜超微	SZ110	11/25/13	8.96	9.2	8.93	9.07	17335300	9.07	2142	宁波银行	SZ110	11/25/13	6.69	6.69	6.69	6.69	0	6.69	2143	高金食品	SZ110	11/25/13	16.05	16.5	16.01	16.35	1031200	16.35	2144	宏达高科	SZ110	11/25/13	8.32	8.72	8	8.38	7063400	8.38	2145	*ST钛白	SZ110	11/25/13	11.28	11.37	11.12	11.18	11607400	11.18	2146	荣盛发展	SZ110	11/25/13	6.1	6.1	5.88	5.9	5152900	5.9	2147	方圆支承	SZ110	11/25/13	25	25.4	24.44	24.55	16972900	12.2	2148	北纬通信	SZ110	11/25/13	11.29	11.63	11.27	11.43	1630000	11.43	2149	西部材料	SZ110	11/25/13	5.75	5.96	5.7	5.88	2654800	5.88	2150	江苏通润	SZ110	11/25/13	37.45	38.36	36.56	36.92	7212000	36.92	2151	北斗星通	SZ110	11/25/13	14.65	15.06	14.5	14.8	4076100	14.8	2152	广电运通	SZ110	11/25/13	46.77	46.77	44.6	45	987100	45	2153	石基信息	SZ110	11/25/13	6.11	6.14	6.03	6.03	5735200	6.03	2154	报 喜 鸟	SZ110	11/25/13	9.73	9.73	9.73	9.73	0	9.73	2155	辰州矿业	SZ110	11/25/13	5.25	5.34	5.24	5.24	3121600	5.24	2156	通富微电	SZ110	11/25/13	7.27	7.65	7.15	7.43	10505500	7.43	2157	正邦科技	SZ110	11/25/13	15.02	15.49	14.78	15.23	1917600	15.23	2158	汉钟精机	SZ110	11/25/13	16.73	17	16.36	16.38	937700	16.34	2159	三特索道	SZ110	11/25/13	8.71	8.83	8.62	8.7	9108900	8.7	2161	远 望 谷	SZ110	11/25/13	6.99	7.1	6.85	6.95	9808700	6.95	2162	斯 米 克	SZ110	11/25/13	4.27	4.29	4.19	4.21	7699800	4.21	2163	中航三鑫	SZ110	11/25/13	3.83	3.92	3.83	3.88	1479300	3.88	2164	东力传动	SZ110	11/25/13	5.09	5.16	5.07	5.13	4361800	5.13	2165	红 宝 丽	SZ110	11/25/13	14.63	14.88	14.6	14.72	1842300	14.72	2166	莱茵生物	SZ110	11/25/13	10.88	11	10.81	10.84	2182300	10.84	2167	东方锆业	SZ110	11/25/13	7.4	7.45	7.27	7.28	5057200	7.28	2168	深圳惠程	SZ110	11/25/13	5.75	5.89	5.65	5.81	2534900	5.81	2169	智光电气	SZ110	11/25/13	6.1	6.48	6.02	6.25	145548900	6.25	2170	芭田股份	SZ110	11/25/13	7.88	7.96	7.7	7.72	2431000	7.72	2171	精诚铜业	SZ110	11/25/13	4.26	4.4	4.22	4.29	4375000	4.29	2172	澳洋科技	SZ110	11/25/13	7.56	7.72	7.56	7.66	804400	7.66	2173	山 下 湖	SZ110	11/25/13	45.79	50	45	49.9	3701500	49.9	2174	梅 花 伞	SZ110	11/25/13	12.71	12.91	12.61	12.87	1305600	12.87	2175	广陆数测	SZ110	11/25/13	11.75	11.81	11.46	11.57	8589800	11.57	2176	江特电机	SZ110	11/25/13	6	6.07	5.86	5.89	28993400	5.89	2177	御银股份	SZ110	11/25/13	11.97	12.1	11.9	11.92	1428200	11.92	2178	延华智能	SZ110	11/25/13	17	18.02	16.8	17.07	10927600	17.07	2179	中航光电	SZ110	11/25/13	10.04	10.49	9.94	10.22	4944200	10.22	2180	万 力 达	SZ110	11/25/13	11.9	12.07	11.67	11.85	7862900	11.85	2181	粤 传 媒	SZ110	11/25/13	7.49	7.68	7.45	7.55	4218700	7.55	2182	云海金属	SZ110	11/25/13	7.64	7.75	7.56	7.59	9207400	7.59	2183	怡 亚 通	SZ110	11/25/13	7.13	7.2	7.05	7.13	865500	7.13	2184	海得控制	SZ110	11/25/13	11.9	12.22	11.85	11.85	8736900	11.85	2185	华天科技	SZ110	11/25/13	17.98	18.5	17.83	18.34	1419100	18.34	2186	全 聚 德	SZ110	11/25/13	8.17	8.33	8.14	8.18	1527400	8.18	2187	广百股份	SZ110	11/25/13	9.37	9.37	9.11	9.14	1860200	9.14	2188	新 嘉 联	SZ110	11/25/13	6.86	7.03	6.84	6.86	3110500	6.86	2189	利达光电	SZ110	11/25/13	17.5	17.7	16.95	17.07	9749000	17.07	2190	成飞集成	SZ110	11/25/13	13.83	13.98	13.75	13.82	7062100	13.82	2191	劲嘉股份	SZ110	11/25/13	13.39	13.6	13.26	13.27	909500	13.27	2192	路翔股份	SZ110	11/25/13	7.65	7.65	7.65	7.65	0	7.65	2193	山东如意	SZ110	11/25/13	9.28	9.38	9.06	9.09	6170500	9.09	2194	武汉凡谷	SZ110	11/25/13	15.8	15.8	15.8	15.8	0	15.77	2195	海隆软件	SZ110	11/25/13	8.89	8.89	8.89	8.89	0	8.82	2196	方正电机	SZ110	11/25/13	11.01	11.38	11.01	11.18	2115900	11.18	2197	证通电子	SZ110	11/25/13	6.78	6.86	6.75	6.79	1055500	3.37	2198	嘉应制药	SZ110	11/25/13	11.71	12.2	11.51	11.6	14123500	11.6	2199	东晶电子	SZ110	11/25/13	16.7	18.48	16.5	17.5	20104200	17.5	22	深赤湾Ａ	SZ110	11/25/13	15.85	16.15	15.82	15.82	1305000	15.82	2200	绿 大 地	SZ110	11/25/13	7.96	8.08	7.74	7.79	4660400	7.79	2201	九鼎新材	SZ110	11/25/13	8.09	8.17	8	8	19186900	8	2202	金风科技	SZ110	11/25/13	9.58	9.72	9.48	9.6	1722900	9.6	2203	海亮股份	SZ110	11/25/13	8.81	8.85	8.7	8.74	4266300	8.74	2204	华锐铸钢	SZ110	11/25/13	13.67	14.5	13.58	13.93	4555800	13.93	2205	国统股份	SZ110	11/25/13	5.28	5.33	5.26	5.28	1892800	5.13	2206	海 利 得	SZ110	11/25/13	17.71	17.86	17.29	17.62	3590100	17.62	2207	准油股份	SZ110	11/25/13	6.5	6.59	6.41	6.47	2805700	6.39	2208	合肥城建	SZ110	11/25/13	5.8	5.87	5.78	5.86	1599600	5.86	2209	达 意 隆	SZ110	11/25/13	7.37	7.52	7.31	7.38	4895700	7.38	2210	飞马国际	SZ110	11/25/13	4.67	4.75	4.63	4.7	4166600	4.7	2211	宏达新材	SZ110	11/25/13	4.21	4.29	4.2	4.23	2823300	4.23	2212	南洋股份	SZ110	11/25/13	8.29	8.29	8.13	8.22	950100	8.22	2213	特 尔 佳	SZ110	11/25/13	13.68	14.47	13.57	14.31	6856100	14.24	2214	大立科技	SZ110	11/25/13	9.75	10.08	9.75	9.92	10687100	9.92	2215	诺 普 信	SZ110	11/25/13	22	22.8	21.77	22.49	1515500	22.49	2216	三全食品	SZ110	11/25/13	5.78	5.79	5.58	5.63	7203400	5.63	2217	联合化工	SZ110	11/25/13	7.11	7.32	7.11	7.21	5113500	7.21	2218	拓日新能	SZ110	11/25/13	13.71	13.86	13.64	13.66	2266800	9.74	2219	独 一 味	SZ110	11/25/13	7.58	7.59	7.46	7.59	2006500	7.59	2220	天宝股份	SZ110	11/25/13	10.55	10.67	10.5	10.58	2468600	10.56	2221	东华能源	SZ110	11/25/13	7.68	7.86	7.6	7.73	2779500	7.73	2222	福晶科技	SZ110	11/25/13	23.7	24.35	23.42	24.1	2941900	24.1	2223	鱼跃医疗	SZ110	11/25/13	11.25	12.25	11.24	12.2	1782600	12.2	2224	三 力 士	SZ110	11/25/13	5.79	5.83	5.74	5.77	2580100	5.77	2225	濮耐股份	SZ110	11/25/13	14.58	14.71	14.34	14.46	3852700	14.46	2226	江南化工	SZ110	11/25/13	28.51	29.35	28.1	28.98	1215000	28.98	2227	奥 特 迅	SZ110	11/25/13	6.12	6.12	6	6.05	1290200	6.05	2228	合兴包装	SZ110	11/25/13	12.98	13.3	12.63	12.73	10126400	12.73	2229	鸿博股份	SZ110	11/25/13	43.82	44.86	43.82	44.33	5436100	25.98	2230	科大讯飞	SZ110	11/25/13	6	6.12	5.94	6.02	5339200	6.02	2231	奥维通信	SZ110	11/25/13	6.72	6.89	6.68	6.83	2638200	6.83	2232	启明信息	SZ110	11/25/13	6.66	6.76	6.56	6.56	8348000	6.56	2233	塔牌集团	SZ110	11/25/13	9.9	10	9.6	9.65	15555400	9.65	2234	民和股份	SZ110	11/25/13	12.67	12.67	12.1	12.33	4877200	12.33	2235	安妮股份	SZ110	11/25/13	40.45	41.88	40.3	41	4058300	41	2236	大华股份	SZ110	11/25/13	14.03	14.09	13.91	13.93	3357600	13.93	2237	恒邦股份	SZ110	11/25/13	14.15	14.3	14.02	14.14	1449700	14.14	2238	天威视讯	SZ110	11/25/13	10.91	11.1	10.88	10.97	3659600	10.97	2239	金 飞 达	SZ110	11/25/13	7.7	7.7	7.7	7.7	0	7.7	2240	威华股份	SZ110	11/25/13	35.6	36.82	35.6	36.39	4389400	36.39	2241	歌尔声学	SZ110	11/25/13	7.6	7.82	7.54	7.61	4496800	7.26	2242	九阳股份	SZ110	11/25/13	6.66	6.84	6.56	6.69	7152400	6.69	2243	通产丽星	SZ110	11/25/13	7.34	7.34	7.34	7.34	0	7.34	2244	滨江集团	SZ110	11/25/13	6.6	7	6.6	6.83	15770600	6.78	2245	澳洋顺昌	SZ110	11/25/13	8.4	8.56	8.38	8.39	748500	8.39	2246	北化股份	SZ110	11/25/13	8.65	8.87	8.5	8.87	3427600	4.39	2247	帝龙新材	SZ110	11/25/13	6.62	6.62	6.52	6.55	798200	6.55	2248	华东数控	SZ110	11/25/13	9.87	9.9	9.73	9.8	3136900	9.8	2249	大洋电机	SZ110	11/25/13	20.16	20.39	19.73	19.75	2499200	19.75	2250	联化科技	SZ110	11/25/13	12.49	12.63	12.34	12.34	3125800	12.34	2251	步 步 高	SZ110	11/25/13	31.15	31.29	30.31	30.64	1316500	30.6	2252	上海莱士	SZ110	11/25/13	27.24	27.57	26.28	27.43	7780000	27.43	2253	川大智胜	SZ110	11/25/13	8.06	8.26	8.06	8.13	2888000	8.13	2254	烟台氨纶	SZ110	11/25/13	14.59	14.84	14.43	14.62	3525600	14.62	2255	海陆重工	SZ110	11/25/13	9.18	9.29	8.93	9.1	15916400	9.1	2256	彩虹精化	SZ110	11/25/13	14.38	14.38	14.01	14.11	1260100	14.11	2258	利尔化学	SZ110	11/25/13	6.96	6.99	6.7	6.84	10914900	6.84	2259	升达林业	SZ110	11/25/13	13.7	13.7	13.28	13.47	1408500	13.47	2260	伊 立 浦	SZ110	11/25/13	23.75	24.18	23.17	23.46	11510200	23.46	2261	拓维信息	SZ110	11/25/13	24.99	25.08	24.32	24.92	572600	24.92	2262	恩华药业	SZ110	11/25/13	5.63	5.69	5.55	5.58	16569300	5.58	2263	大 东 南	SZ110	11/25/13	6.7	7.11	6.68	7.11	10951300	7.11	2264	新 华 都	SZ110	11/25/13	6.21	6.23	6.03	6.05	2579000	6.05	2265	西仪股份	SZ110	11/25/13	9.25	9.25	9.04	9.19	8194400	9.19	2266	浙富股份	SZ110	11/25/13	11.16	11.22	11.02	11.04	4307700	11.04	2267	陕天然气	SZ110	11/25/13	26.41	27.75	26.41	27.33	6344600	27.33	2268	卫 士 通	SZ110	11/25/13	12.33	12.95	12.25	12.55	5635200	12.55	2269	美邦服饰	SZ110	11/25/13	6.24	6.32	6.19	6.26	1586500	6.22	2270	法因数控	SZ110	11/25/13	29.86	30.48	29.21	29.8	2410200	29.57	2271	东方雨虹	SZ110	11/25/13	4.63	4.72	4.62	4.67	3487400	4.67	2272	川润股份	SZ110	11/25/13	18.89	19	17.71	17.89	20269200	17.89	2273	水晶光电	SZ110	11/25/13	7.38	7.46	7.16	7.2	4236000	7.2	2274	华昌化工	SZ110	11/25/13	14.4	14.75	14.39	14.61	1503000	14.13	2275	桂林三金	SZ110	11/25/13	4.67	4.72	4.65	4.67	1874000	4.67	2276	万马电缆	SZ110	11/25/13	11.76	11.76	11.4	11.43	17576600	11.43	2277	友阿股份	SZ110	11/25/13	12.05	12.29	11.83	11.86	15927300	11.86	2278	神开股份	SZ110	11/25/13	12.26	12.26	12.26	12.26	0	12.14	2279	久其软件	SZ110	11/25/13	14.62	14.62	13.72	14	1743700	13.63	2280	新世纪	SZ110	11/25/13	29.04	29.49	28.7	29.1	1563700	29.1	2281	光迅科技	SZ110	11/25/13	8.78	8.92	8.58	8.78	4306100	8.78	2282	博深工具	SZ110	11/25/13	5.66	5.74	5.58	5.61	5647000	5.61	2283	天润曲轴	SZ110	11/25/13	8.28	8.32	8.22	8.28	1041900	8.28	2284	亚太股份	SZ110	11/25/13	13.22	13.62	13.09	13.51	2133600	13.51	2285	世联地产	SZ110	11/25/13	17.11	17.76	15.41	16.96	8958500	16.96	2286	保龄宝	SZ110	11/25/13	19.55	19.9	19.4	19.72	411600	19.72	2287	奇正藏药	SZ110	11/25/13	7.97	8.08	7.85	7.9	4589000	7.9	2288	超华科技	SZ110	11/25/13	16.86	16.87	16.45	16.75	1269700	16.75	2289	宇顺电子	SZ110	11/25/13	10.61	11.67	10.61	11.56	14834100	11.56	2290	禾盛新材	SZ110	11/25/13	5.47	5.52	5.4	5.48	1452200	5.48	2291	星期六	SZ110	11/25/13	29.75	30.29	29.25	29.73	4547500	29.73	2292	奥飞动漫	SZ110	11/25/13	21.6	21.88	21.28	21.32	1838600	21.32	2293	罗莱家纺	SZ110	11/25/13	34	35.2	34	34.96	2946300	34.96	2294	信立泰	SZ110	11/25/13	5.94	5.97	5.88	5.88	1092000	5.88	2295	精艺股份	SZ110	11/25/13	19.29	19.74	19.29	19.49	1671500	19.29	2296	辉煌科技	SZ110	11/25/13	9.32	9.65	9.29	9.36	5947400	9.36	2297	博云新材	SZ110	11/25/13	6.84	6.92	6.81	6.85	3968800	6.85	2298	鑫龙电器	SZ110	11/25/13	10.98	11.17	10.92	10.98	2599200	10.98	2299	圣农发展	SZ110	11/25/13	7.95	8.03	7.87	7.94	830600	7.94	23	深天地Ａ	SZ110	11/25/13	7.71	7.8	7.66	7.71	1503400	7.71	2300	太阳电缆	SZ110	11/25/13	8.16	8.16	7.84	7.94	3311700	7.94	2301	齐心文具	SZ110	11/25/13	12.95	13	12.66	12.73	2753700	12.73	2302	西部建设	SZ110	11/25/13	17.85	18.02	17.67	17.85	1319000	17.85	2303	美盈森	SZ110	11/25/13	41.88	42.99	41.82	42.47	3133100	42.47	2304	洋河股份	SZ110	11/25/13	8.1	8.19	7.83	7.94	7766900	7.94	2305	南国置业	SZ110	11/25/13	4.96	5.04	4.95	4.99	4344000	4.99	2306	湘鄂情	SZ110	11/25/13	5.87	6.02	5.8	5.85	6488900	5.85	2307	北新路桥	SZ110	11/25/13	8.39	8.52	8.28	8.36	8324100	8.36	2308	威创股份	SZ110	11/25/13	19.8	19.94	18.51	19	8424300	19	2309	中利科技	SZ110	11/25/13	34.25	34.66	33.88	34.06	4212600	34.06	2310	东方园林	SZ110	11/25/13	12.34	12.48	12.06	12.07	4379600	12.07	2311	海大集团	SZ110	11/25/13	15.48	15.48	15.48	15.48	0	15.43	2312	三泰电子	SZ110	11/25/13	16.99	17.06	16.62	16.66	7361300	16.66	2313	日海通讯	SZ110	11/25/13	7.19	7.24	7.15	7.17	3423000	7.17	2314	雅致股份	SZ110	11/25/13	41.95	43.07	41.5	42.4	2093000	42.4	2315	焦点科技	SZ110	11/25/13	9.2	9.32	9.12	9.18	3659200	9.18	2316	键桥通讯	SZ110	11/25/13	22.4	23.18	21.8	22.8	2799200	22.8	2317	众生药业	SZ110	11/25/13	17.95	18.18	17.5	17.6	4926100	17.6	2318	久立特材	SZ110	11/25/13	7.69	7.79	7.58	7.66	4202100	7.66	2319	乐通股份	SZ110	11/25/13	9.51	9.68	9.44	9.55	2749000	9.55	2320	海峡股份	SZ110	11/25/13	7.2	7.4	7.08	7.22	24016000	7.22	2321	华英农业	SZ110	11/25/13	12.75	14.01	12.68	13.87	14290500	13.87	2322	理工监测	SZ110	11/25/13	13.16	13.29	13.07	13.26	702600	13.13	2323	中联电气	SZ110	11/25/13	16.05	16.32	15.91	16.18	1231500	16.18	2324	普利特	SZ110	11/25/13	8.5	8.76	8.48	8.57	9418100	8.57	2325	洪涛股份	SZ110	11/25/13	11.79	11.8	11.35	11.38	4334800	11.38	2326	永太科技	SZ110	11/25/13	16.46	16.88	16.46	16.71	875600	16.6	2327	富安娜	SZ110	11/25/13	9.04	9.07	8.9	8.93	678100	8.93	2328	新朋股份	SZ110	11/25/13	12.77	12.77	12.77	12.77	0	12.77	2329	皇氏乳业	SZ110	11/25/13	5.34	5.36	5.25	5.26	3315400	5.26	2330	得利斯	SZ110	11/25/13	9.52	9.52	9.52	9.52	0	9.51	2331	皖通科技	SZ110	11/25/13	12.94	12.98	12.4	12.97	983500	12.97	2332	仙琚制药	SZ110	11/25/13	9.87	10.45	9.79	10.17	4585500	10.17	2333	罗普斯金	SZ110	11/25/13	10.68	10.9	10.62	10.8	2149700	10.8	2334	英威腾	SZ110	11/25/13	13.75	13.87	13.58	13.7	793700	13.7	2335	科华恒盛	SZ110	11/25/13	9.46	9.51	9.37	9.38	1176700	9.38	2336	人人乐	SZ110	11/25/13	9.63	9.78	9.57	9.66	1144000	9.46	2337	赛象科技	SZ110	11/25/13	23.69	25.19	23.5	24.5	2476300	24.5	2338	奥普光电	SZ110	11/25/13	9.57	9.59	9.26	9.27	4398600	9.27	2339	积成电子	SZ110	11/25/13	10.15	10.3	9.98	10.05	9648000	10.05	2340	格林美	SZ110	11/25/13	16.85	17.39	16.72	17.27	3157600	17.27	2341	新纶科技	SZ110	11/25/13	7.12	7.2	6.99	7.19	4351500	7.19	2342	巨力索具	SZ110	11/25/13	8.1	8.16	8.01	8.08	1832800	8.08	2343	禾欣股份	SZ110	11/25/13	19.6	19.8	19.2	19.21	4064800	19.21	2344	海宁皮城	SZ110	11/25/13	11.62	11.96	11.62	11.76	1637800	11.76	2345	潮宏基	SZ110	11/25/13	6.11	6.43	6.11	6.27	3125000	3.13	2346	柘中建设	SZ110	11/25/13	6.75	6.83	6.73	6.76	991500	6.76	2347	泰尔重工	SZ110	11/25/13	7.2	7.35	7.11	7.23	15335600	7.23	2348	高乐股份	SZ110	11/25/13	11.76	12.35	11.76	12.27	2986200	12.27	2349	精华制药	SZ110	11/25/13	10.52	10.79	10.52	10.69	1651100	10.69	2350	北京科锐	SZ110	11/25/13	9.05	9.28	9.05	9.17	1264600	9.17	2351	漫步者	SZ110	11/25/13	24.7	25.85	24.22	25.46	4434500	25.46	2352	鼎泰新材	SZ110	11/25/13	74.68	76.33	74.6	75.4	1329000	75.4	2353	杰瑞股份	SZ110	11/25/13	15.77	15.77	15.77	15.77	0	15.77	2354	科冕木业	SZ110	11/25/13	7.77	7.93	7.71	7.72	20124600	7.72	2355	兴民钢圈	SZ110	11/25/13	21.83	21.83	21.83	21.83	0	21.83	2356	浩宁达	SZ110	11/25/13	9.59	9.96	9.5	9.8	1153200	9.74	2357	富临运业	SZ110	11/25/13	19.29	19.29	19.29	19.29	0	19.29	2358	森源电气	SZ110	11/25/13	5.86	5.86	5.86	5.86	0	5.86	2359	齐星铁塔	SZ110	11/25/13	19.28	20	19.26	19.8	4274100	9.76	2360	同德化工	SZ110	11/25/13	5.74	5.83	5.67	5.75	5020000	5.66	2361	神剑股份	SZ110	11/25/13	13.8	15.3	13.71	14.7	12859200	14.7	2362	汉王科技	SZ110	11/25/13	13.39	13.75	13.37	13.72	1182400	13.72	2363	隆基机械	SZ110	11/25/13	11.9	12.13	11.88	11.93	2065000	11.93	2364	中恒电气	SZ110	11/25/13	8.81	8.98	8.8	8.85	685300	8.85	2365	永安药业	SZ110	11/25/13	9.18	9.33	9.07	9.08	1487400	9.08	2366	丹甫股份	SZ110	11/25/13	7.1	7.12	6.95	7	2220900	3.38	2367	康力电梯	SZ110	11/25/13	37.58	37.58	36.08	36.2	1483300	36.2	2368	太极股份	SZ110	11/25/13	14.9	15.23	14.83	14.92	5393400	14.92	2369	卓翼科技	SZ110	11/25/13	16.01	16.03	15.68	15.7	408900	15.7	2370	亚太药业	SZ110	11/25/13	17.93	19.12	17.79	18.7	3478000	18.7	2371	七星电子	SZ110	11/25/13	13.69	13.77	13.48	13.6	1308700	13.6	2372	伟星新材	SZ110	11/25/13	11.31	11.68	11.03	11.2	7017200	11.2	2373	联信永益	SZ110	11/25/13	6.73	6.83	6.69	6.73	2601900	6.69	2374	丽鹏股份	SZ110	11/25/13	24	24.68	23.9	24.06	3280000	24.06	2375	亚厦股份	SZ110	11/25/13	10.51	10.6	10.42	10.49	1841300	10.49	2376	新北洋	SZ110	11/25/13	6.83	6.97	6.81	6.92	922700	6.92	2377	国创高新	SZ110	11/25/13	18.42	18.82	18.42	18.65	558200	18.65	2378	章源钨业	SZ110	11/25/13	6.2	6.23	6.05	6.07	4808800	6.07	2379	鲁丰股份	SZ110	11/25/13	30.9	32.1	30.02	32	1720500	32	2380	科远股份	SZ110	11/25/13	11.5	11.67	11.33	11.45	3341100	11.28	2381	双箭股份	SZ110	11/25/13	12.72	12.95	12.53	12.75	815200	12.75	2382	蓝帆股份	SZ110	11/25/13	20.04	21.5	20	20.95	6612600	20.95	2383	合众思壮	SZ110	11/25/13	21.3	21.7	21.3	21.59	2591300	21.59	2384	东山精密	SZ110	11/25/13	14.91	15.25	14.82	14.84	10387000	14.84	2385	大北农	SZ110	11/25/13	7.14	7.18	7.07	7.13	1905000	7.13	2386	天原集团	SZ110	11/25/13	7.8	7.97	7.75	7.77	1947900	7.77	2387	黑牛食品	SZ110	11/25/13	8.68	8.74	8.59	8.63	1239800	8.63	2388	新亚制程	SZ110	11/25/13	6.6	6.6	6.6	6.6	0	6.6	2389	南洋科技	SZ110	11/25/13	26.51	26.7	26.13	26.19	581500	26.19	2390	信邦制药	SZ110	11/25/13	13.9	14.01	13.79	13.91	1335800	9.11	2391	长青股份	SZ110	11/25/13	7.24	7.35	7.16	7.24	6119200	7.24	2392	北京利尔	SZ110	11/25/13	34.37	35.2	34.3	34.88	1692300	34.88	2393	力生制药	SZ110	11/25/13	13.89	14.37	13.75	14.22	4859900	14.22	2394	联发股份	SZ110	11/25/13	8.29	8.41	8.21	8.29	840400	8.29	2395	双象股份	SZ110	11/25/13	18.58	18.92	18.36	18.52	4996000	18.52	2396	星网锐捷	SZ110	11/25/13	14.87	14.87	14.39	14.43	642700	14.43	2397	梦洁家纺	SZ110	11/25/13	12.93	13.14	12.86	12.99	2084200	12.99	2398	建研集团	SZ110	11/25/13	22.4	22.4	22.4	22.4	0	22.4	2399	海普瑞	SZ110	11/25/13	21.68	22.16	21.35	21.96	13532500	21.96	24	招商地产	SZ110	11/25/13	35.24	36.66	34.41	35.56	7891900	35.56	2400	省广股份	SZ110	11/25/13	12.85	13.03	12.83	12.85	1020900	12.85	2401	交技发展	SZ110	11/25/13	10.75	11.07	10.55	10.91	1780100	7.15	2402	和而泰	SZ110	11/25/13	9.36	9.46	9.28	9.38	2720000	9.38	2403	爱仕达	SZ110	11/25/13	7.15	7.2	7.1	7.13	1584500	6.95	2404	嘉欣丝绸	SZ110	11/25/13	12.26	12.54	12.23	12.24	15140200	12.21	2405	四维图新	SZ110	11/25/13	8.4	8.56	8.35	8.48	1487600	8.48	2406	远东传动	SZ110	11/25/13	12.4	12.93	12.27	12.53	4416300	12.53	2407	多氟多	SZ110	11/25/13	13.8	14.19	13.8	14.07	2587000	13.93	2408	齐翔腾达	SZ110	11/25/13	15.28	15.6	15.24	15.5	1194800	15.39	2409	雅克科技	SZ110	11/25/13	29.09	29.88	28.65	29.59	1561400	29.59	2410	广联达	SZ110	11/25/13	9.01	9.09	8.68	8.75	11892300	8.75	2411	九九久	SZ110	11/25/13	27.71	27.8	27.03	27.49	784700	27.49	2412	汉森制药	SZ110	11/25/13	7.62	7.77	7.57	7.59	2521300	7.59	2413	常发股份	SZ110	11/25/13	17.1	18.81	17.1	18.81	23241000	18.81	2414	高德红外	SZ110	11/25/13	24.6	24.71	23.9	24.1	10202500	24.1	2415	海康威视	SZ110	11/25/13	19.97	20.68	19.65	19.94	5960200	19.94	2416	爱施德	SZ110	11/25/13	7.05	7.15	6.98	6.99	3570000	6.99	2417	三元达	SZ110	11/25/13	6.56	6.64	6.55	6.6	1322300	6.6	2418	康盛股份	SZ110	11/25/13	10.87	10.93	10.69	10.74	3864000	10.74	2419	天虹商场	SZ110	11/25/13	5.96	6.07	5.9	6	1134400	6	2420	毅昌股份	SZ110	11/25/13	18.33	19.08	18.08	18.82	4766300	18.82	2421	达实智能	SZ110	11/25/13	44.4	44.64	43.73	43.91	3025300	43.91	2422	科伦药业	SZ110	11/25/13	9.87	10.07	9.63	9.7	10465000	9.7	2423	中原特钢	SZ110	11/25/13	19.09	19.88	18.9	19.79	2557700	19.79	2424	贵州百灵	SZ110	11/25/13	8.17	8.32	8.1	8.25	2807800	8.25	2425	凯撒股份	SZ110	11/25/13	28.18	29	28	29	1201400	14.43	2426	胜利精密	SZ110	11/25/13	5.8	5.9	5.78	5.84	628200	5.84	2427	尤夫股份	SZ110	11/25/13	11.89	11.89	11.7	11.71	4531400	11.65	2428	云南锗业	SZ110	11/25/13	13.03	13.69	12.92	13.66	6521400	13.66	2429	兆驰股份	SZ110	11/25/13	8.25	8.38	8.09	8.11	7412900	8.11	2430	杭氧股份	SZ110	11/25/13	20.69	21.48	20.57	21.26	5256100	21.26	2431	棕榈园林	SZ110	11/25/13	10.29	10.46	10.21	10.33	3993400	10.33	2432	九安医疗	SZ110	11/25/13	8.97	9.02	8.81	8.98	2821900	4.46	2433	太安堂	SZ110	11/25/13	10.18	10.3	9.98	10.03	2381300	9.9	2434	万里扬	SZ110	11/25/13	8.15	8.19	7.94	8	2643600	8	2435	长江润发	SZ110	11/25/13	18.8	19.2	18.8	19.07	833800	19.07	2436	兴森科技	SZ110	11/25/13	34.27	34.27	34.27	34.27	0	34.27	2437	誉衡药业	SZ110	11/25/13	12.43	12.5	12.18	12.35	2473600	12.35	2438	江苏神通	SZ110	11/25/13	27.61	28.1	27.02	27.11	2728300	27.11	2439	启明星辰	SZ110	11/25/13	14.84	15.27	14.76	15.17	10920200	15.17	2440	闰土股份	SZ110	11/25/13	13.75	13.92	13.55	13.81	1166000	13.81	2441	众业达	SZ110	11/25/13	4.1	4.14	4.08	4.1	1643100	4.1	2442	龙星化工	SZ110	11/25/13	8.98	8.98	8.5	8.85	61536700	8.85	2443	金洲管道	SZ110	11/25/13	7.6	7.97	7.51	7.85	12464400	7.85	2444	巨星科技	SZ110	11/25/13	8.36	8.57	8.31	8.32	3589400	8.32	2445	中南重工	SZ110	11/25/13	10.82	10.82	10.82	10.82	0	10.82	2446	盛路通信	SZ110	11/25/13	19.29	19.44	19.15	19.27	1576700	19.27	2447	壹桥苗业	SZ110	11/25/13	11.65	11.93	11.58	11.72	2125700	11.53	2448	中原内配	SZ110	11/25/13	7.66	7.83	7.66	7.71	2490800	7.64	2449	国星光电	SZ110	11/25/13	25.26	25.84	25.06	25.31	5173200	25.31	2450	康得新	SZ110	11/25/13	16.66	16.84	16.46	16.46	876200	8.23	2451	摩恩电气	SZ110	11/25/13	33.8	34.14	33.02	33.96	1642400	16.89	2452	长高集团	SZ110	11/25/13	18.02	18.32	18	18.12	1064300	9.03	2453	天马精化	SZ110	11/25/13	9.81	9.99	9.81	9.91	1550600	9.91	2454	松芝股份	SZ110	11/25/13	13.44	13.44	13.44	13.44	0	13.44	2455	百川股份	SZ110	11/25/13	22.3	22.89	22.11	22.47	12167000	11.16	2456	欧菲光	SZ110	11/25/13	8.12	8.19	8.1	8.13	3374800	8.13	2457	青龙管业	SZ110	11/25/13	8.85	8.91	8.72	8.72	1720200	8.72	2458	益生股份	SZ110	11/25/13	8.08	8.23	7.8	7.87	8454700	7.87	2459	天业通联	SZ110	11/25/13	21.67	21.7	21.35	21.35	1154400	21.35	2460	赣锋锂业	SZ110	11/25/13	10.06	10.46	9.96	9.97	3737400	9.97	2461	珠江啤酒	SZ110	11/25/13	15.53	16.01	15.53	15.89	1656700	15.89	2462	嘉事堂	SZ110	11/25/13	3.79	3.81	3.77	3.8	7836000	3.8	2463	沪电股份	SZ110	11/25/13	13.58	13.77	13.54	13.69	341800	13.69	2464	金利科技	SZ110	11/25/13	19.6	20.38	19.46	19.72	23732300	19.63	2465	海格通信	SZ110	11/25/13	31.09	31.16	30.36	30.6	548000	30.6	2466	天齐锂业	SZ110	11/25/13	22.51	22.73	22.1	22.22	4544200	22.22	2467	二六三	SZ110	11/25/13	7.69	7.77	7.57	7.58	3617500	7.58	2468	艾迪西	SZ110	11/25/13	20.89	20.89	20.4	20.66	2473300	15.8	2469	三维工程	SZ110	11/25/13	21	21.5	20.33	20.49	17619100	20.49	2470	金正大	SZ110	11/25/13	8.27	8.33	7.95	7.97	6941100	7.97	2471	中超电缆	SZ110	11/25/13	6.98	7.08	6.93	6.98	1435500	6.98	2472	双环传动	SZ110	11/25/13	17.3	17.78	17.17	17.28	2098600	17.17	2473	圣莱达	SZ110	11/25/13	12.5	13.09	12.3	12.61	10235600	12.61	2474	榕基软件	SZ110	11/25/13	26.2	29	25.91	28.03	4365400	28.03	2475	立讯精密	SZ110	11/25/13	8.88	8.93	8.62	8.62	32948400	8.62	2476	宝莫股份	SZ110	11/25/13	11.2	11.28	10.86	10.96	9159700	10.96	2477	雏鹰农牧	SZ110	11/25/13	11.48	11.48	10.56	10.76	10176500	10.76	2478	常宝股份	SZ110	11/25/13	9.49	9.75	9.3	9.49	9569800	9.49	2479	富春环保	SZ110	11/25/13	14.7	14.89	14.33	14.69	843100	14.69	2480	新筑股份	SZ110	11/25/13	11.91	12.2	11.84	11.95	3633900	11.95	2481	双塔食品	SZ110	11/25/13	18.03	18.29	17.97	18.03	2762500	18.03	2482	广田股份	SZ110	11/25/13	9.46	9.74	9.46	9.7	1778000	9.59	2483	润邦股份	SZ110	11/25/13	17.04	17.59	17	17.3	1545900	17.3	2484	江海股份	SZ110	11/25/13	6.44	6.51	6.41	6.46	1799900	6.46	2485	希努尔	SZ110	11/25/13	6.44	6.55	6.25	6.34	11985700	3.13	2486	嘉麟杰	SZ110	11/25/13	5.43	5.55	5.41	5.51	3277700	5.5	2487	大金重工	SZ110	11/25/13	9.04	9.92	8.92	9.85	9937700	9.85	2488	金固股份	SZ110	11/25/13	10.06	10.32	10.03	10.18	2482100	10.18	2489	浙江永强	SZ110	11/25/13	10.04	10.15	9.76	9.8	10117400	9.8	2490	山东墨龙	SZ110	11/25/13	14	14.25	14	14.02	809300	14.02	2491	通鼎光电	SZ110	11/25/13	7.69	7.69	7.69	7.69	0	3.84	2492	恒基达鑫	SZ110	11/25/13	24.41	24.41	24.41	24.41	0	24.41	2493	荣盛石化	SZ110	11/25/13	16	16.48	15.93	16.38	1906300	16.38	2494	华斯股份	SZ110	11/25/13	5.63	5.76	5.59	5.73	1690900	5.73	2495	佳隆股份	SZ110	11/25/13	18.68	18.8	18.26	18.71	3190600	14.28	2496	辉丰股份	SZ110	11/25/13	9.31	9.31	9.12	9.14	6890800	9.14	2497	雅化集团	SZ110	11/25/13	6.4	6.57	6.39	6.51	4638200	6.51	2498	汉缆股份	SZ110	11/25/13	28.4	28.55	27.8	27.99	2806800	27.99	2499	科林环保	SZ110	11/25/13	7.29	7.42	7.25	7.27	406800	7.27	25	特 力Ａ	SZ110	11/25/13	6.5	6.63	6.41	6.45	11546700	6.45	2500	山西证券	SZ110	11/25/13	12.54	12.64	12.45	12.5	2154600	12.5	2501	利源铝业	SZ110	11/25/13	15.55	15.69	15.2	15.48	3708200	15.48	2502	骅威股份	SZ110	11/25/13	9.66	10.2	9.61	10.05	7861400	10.05	2503	搜于特	SZ110	11/25/13	8.17	8.17	8.17	8.17	0	8.17	2504	东光微电	SZ110	11/25/13	14.5	14.71	14.3	14.4	3736300	14.4	2505	大康牧业	SZ110	11/25/13	2.98	3	2.95	2.96	8398400	2.96	2506	超日太阳	SZ110	11/25/13	34.4	35.31	33.93	34.67	444600	34.67	2507	涪陵榨菜	SZ110	11/25/13	36.12	38.12	35.52	38.12	1353200	38.12	2508	老板电器	SZ110	11/25/13	9.3	9.33	8.98	9.09	4348600	9.04	2509	天广消防	SZ110	11/25/13	22.92	23.6	22.64	23.1	6174400	11.43	2510	天汽模	SZ110	11/25/13	11.77	12.09	11.76	11.89	5311400	11.89	2511	中顺洁柔	SZ110	11/25/13	12.38	12.8	12.24	12.52	2350900	12.52	2512	达华智能	SZ110	11/25/13	10.04	10.77	9.92	10.56	14761900	10.56	2513	蓝丰生化	SZ110	11/25/13	35.5	35.56	34.2	34.26	1999600	16.99	2514	宝馨科技	SZ110	11/25/13	15.11	15.42	14.82	14.89	1511600	14.89	2515	金字火腿	SZ110	11/25/13	10.19	10.54	10.19	10.3	2087900	10.3	2516	江苏旷达	SZ110	11/25/13	12.36	12.36	11.99	12.16	911500	12.16	2517	泰亚股份	SZ110	11/25/13	19.3	19.66	18.6	19.2	1965600	13.67	2518	科士达	SZ110	11/25/13	13.34	13.34	13.34	13.34	0	13.34	2519	银河电子	SZ110	11/25/13	12.5	13.89	12.5	13.2	10616600	13.2	2520	日发数码	SZ110	11/25/13	8.12	8.19	8.05	8.1	2816900	8.1	2521	齐峰股份	SZ110	11/25/13	15.1	15.22	14.96	15.06	449400	15.06	2522	浙江众成	SZ110	11/25/13	4.84	4.89	4.81	4.89	4303100	4.89	2523	天桥起重	SZ110	11/25/13	6.8	7.01	6.71	6.74	7283800	6.74	2524	光正钢构	SZ110	11/25/13	5.98	6.1	5.78	5.83	38733400	5.83	2526	山东矿机	SZ110	11/25/13	10.98	10.98	10.98	10.98	0	10.98	2527	新时达	SZ110	11/25/13	20.65	21.04	19.78	20.3	31173300	20.3	2528	英飞拓	SZ110	11/25/13	11.9	12.28	11.8	12.17	2968800	12.17	2529	海源机械	SZ110	11/25/13	5.65	5.77	5.65	5.72	1271100	5.68	2530	丰东股份	SZ110	11/25/13	9.68	9.83	9.6	9.63	2098200	9.63	2531	天顺风能	SZ110	11/25/13	21.45	22.16	21.4	21.91	3795500	21.91	2532	新界泵业	SZ110	11/25/13	5.78	5.9	5.78	5.83	1858600	5.74	2533	金杯电工	SZ110	11/25/13	12.9	13.35	12.5	13	2572700	12.84	2534	杭锅股份	SZ110	11/25/13	7.03	7.13	6.88	7.09	4991700	7.09	2535	林州重机	SZ110	11/25/13	19.71	20.68	19.36	20.4	3771300	20.4	2536	西泵股份	SZ110	11/25/13	13.92	14.49	13.9	14.09	1975500	14.09	2537	海立美达	SZ110	11/25/13	10.6	10.6	9.88	10.05	16784200	9.95	2538	司尔特	SZ110	11/25/13	9.31	9.48	8.98	9.05	13826500	8.89	2539	新都化工	SZ110	11/25/13	10.43	10.84	10.21	10.8	3792200	10.61	2540	亚太科技	SZ110	11/25/13	10.71	10.93	10.61	10.75	1400100	10.75	2541	鸿路钢构	SZ110	11/25/13	24.1	24.16	23.56	23.64	1318800	11.75	2542	中化岩土	SZ110	11/25/13	11.59	11.87	11.46	11.61	1255300	11.61	2543	万和电气	SZ110	11/25/13	12.59	13.1	12	12.55	6595800	12.55	2544	杰赛科技	SZ110	11/25/13	14.6	14.97	14.6	14.93	984200	14.93	2545	东方铁塔	SZ110	11/25/13	14.55	14.84	14.5	14.72	869600	14.4	2546	新联电子	SZ110	11/25/13	9.9	9.96	9.83	9.9	1911600	9.9	2547	春兴精工	SZ110	11/25/13	12.86	12.94	12.6	12.7	1361600	12.7	2548	金新农	SZ110	11/25/13	13.93	14.11	13.7	13.9	937700	13.9	2549	凯美特气	SZ110	11/25/13	15	15.8	14.91	15.57	4014400	7.6	2550	千红制药	SZ110	11/25/13	24	24.42	23.93	24.23	644800	24.23	2551	尚荣医疗	SZ110	11/25/13	11.05	11.15	10.96	11.08	253700	11.08	2552	宝鼎重工	SZ110	11/25/13	10.4	10.99	10.33	10.9	4273900	5.29	2553	南方轴承	SZ110	11/25/13	13.18	13.33	12.9	12.94	8394800	12.94	2554	惠博普	SZ110	11/25/13	27.2	28.25	26.91	27.3	4321600	27.16	2555	顺荣股份	SZ110	11/25/13	11.46	11.94	11.26	11.75	26755600	11.75	2556	辉隆股份	SZ110	11/25/13	20.38	20.9	20.11	20.67	1806500	20.67	2557	洽洽食品	SZ110	11/25/13	27.46	28.6	27.2	28.6	1791300	28.6	2558	世纪游轮	SZ110	11/25/13	13.33	14.07	13.11	13.63	8600500	13.63	2559	亚威股份	SZ110	11/25/13	16.48	16.96	16.31	16.72	3025600	16.72	2560	通达股份	SZ110	11/25/13	10.08	10.58	10.06	10.38	8437000	10.05	2561	徐家汇	SZ110	11/25/13	17.66	18.2	17.66	17.89	2019600	17.89	2565	上海绿新	SZ110	11/25/13	23.8	25.65	23.74	25.45	7399900	25.45	2566	益盛药业	SZ110	11/25/13	7.61	7.77	7.57	7.58	4060100	7.58	26	飞亚达Ａ	SZ110	11/25/13	5.5	5.58	5.48	5.51	6758300	5.51	27	深圳能源	SZ110	11/25/13	37.68	38.8	37.68	38.22	402800	38.22	28	一致药业	SZ110	11/25/13	3.87	3.99	3.85	3.91	3837800	3.91	29	深深房Ａ	SZ110	11/25/13	6.12	6.17	6.07	6.16	3146500	6.16	30	*ST盛润A	SZ110	11/25/13	23.24	24.79	23.11	24.7	2703600	24.7	300001	特锐德	SZ110	11/25/13	13.69	14.18	13.59	13.73	24130600	6.75	300002	神州泰岳	SZ110	11/25/13	13.83	14.3	13.7	13.96	10056000	13.96	300003	乐普医疗	SZ110	11/25/13	34.9	34.9	34.9	34.9	0	34.9	300004	南风股份	SZ110	11/25/13	14.29	14.29	13.91	14.03	2488500	14.03	300005	探路者	SZ110	11/25/13	25.58	25.78	25.03	25.38	712900	25.38	300006	莱美药业	SZ110	11/25/13	15.94	16.78	15.78	16.78	7242500	16.78	300007	汉威电子	SZ110	11/25/13	9.65	9.87	9.47	9.48	4343700	9.45	300008	上海佳豪	SZ110	11/25/13	14.84	15.07	14.75	14.95	1242100	14.95	300009	安科生物	SZ110	11/25/13	13.85	14.35	13.6	14.05	8266500	14.05	300010	立思辰	SZ110	11/25/13	12.2	12.78	12.13	12.75	9169600	7.06	300011	鼎汉技术	SZ110	11/25/13	16.15	16.15	16.15	16.15	0	16.15	300012	华测检测	SZ110	11/25/13	14.9	15.29	14.7	14.71	3303200	14.71	300013	新宁物流	SZ110	11/25/13	36.5	37.1	35.35	37.09	6135000	18.55	300014	亿纬锂能	SZ110	11/25/13	30.91	31.3	30.32	30.82	714500	30.82	300015	爱尔眼科	SZ110	11/25/13	7.24	7.9	7.19	7.9	8802100	7.9	300016	北陆药业	SZ110	11/25/13	68	70.95	67.71	69.83	3112800	69.83	300017	网宿科技	SZ110	11/25/13	6.68	7.04	6.66	6.94	3569300	6.94	300018	中元华电	SZ110	11/25/13	10.91	11.15	10.8	11.02	1361000	11.02	300019	硅宝科技	SZ110	11/25/13	23.1	23.1	23.1	23.1	0	23.1	300020	银江股份	SZ110	11/25/13	8.66	8.66	8.36	8.38	4948600	8.38	300021	大禹节水	SZ110	11/25/13	6.75	6.81	6.68	6.74	8626600	6.74	300022	吉峰农机	SZ110	11/25/13	11.62	11.62	11	11.24	2595200	11.24	300023	宝德股份	SZ110	11/25/13	39.55	42.5	39.34	42.2	8442600	42.2	300024	机器人	SZ110	11/25/13	12.48	12.76	12.26	12.61	3472000	12.61	300025	华星创业	SZ110	11/25/13	34.4	34.92	34.06	34.54	2646600	34.54	300026	红日药业	SZ110	11/25/13	28.89	29.55	28.6	28.71	53584900	28.59	300027	华谊兄弟	SZ110	11/25/13	8.84	8.84	8.58	8.63	7535200	8.63	300028	金亚科技	SZ110	11/25/13	8.66	8.95	8.5	8.52	12509200	8.52	300029	天龙光电	SZ110	11/25/13	33.4	34.02	32.72	33.6	2105500	16.77	300030	阳普医疗	SZ110	11/25/13	10.68	10.75	10.5	10.51	3572200	10.51	300031	宝通带业	SZ110	11/25/13	16.79	16.79	16.79	16.79	0	16.79	300032	金龙机电	SZ110	11/25/13	23.7	24.11	23.53	23.99	516600	23.99	300033	同花顺	SZ110	11/25/13	19.76	21.27	19.53	20.5	12510000	20.5	300034	钢研高纳	SZ110	11/25/13	9.5	9.73	9.4	9.71	3081200	9.71	300035	中科电气	SZ110	11/25/13	14.65	14.96	14.5	14.76	4863700	14.76	300036	超图软件	SZ110	11/25/13	19.1	19.2	18.78	18.9	1286600	18.9	300037	新宙邦	SZ110	11/25/13	17.01	17.3	17.01	17.08	1764000	17.08	300038	梅泰诺	SZ110	11/25/13	11.98	12	11.81	11.87	3022300	9.72	300039	上海凯宝	SZ110	11/25/13	5.58	5.74	5.56	5.66	3043800	5.66	300040	九洲电气	SZ110	11/25/13	12.96	13.67	12.6	13.6	5909300	13.6	300041	回天胶业	SZ110	11/25/13	10.94	11.04	10.75	10.94	1035200	10.94	300042	朗科科技	SZ110	11/25/13	19.02	19.68	18.52	19.6	11791300	9.8	300043	星辉车模	SZ110	11/25/13	9.13	9.13	9.13	9.13	0	9.13	300044	赛为智能	SZ110	11/25/13	23.06	24.2	23.06	23.2	5526000	23.2	300045	华力创通	SZ110	11/25/13	9.06	9.23	9.01	9.1	2230400	8.83	300046	台基股份	SZ110	11/25/13	10.53	10.64	10.35	10.54	5641700	10.51	300047	天源迪科	SZ110	11/25/13	7.16	7.24	7.11	7.17	2795500	7.17	300048	合康变频	SZ110	11/25/13	17.14	17.59	17.04	17.2	1646500	17.2	300049	福瑞股份	SZ110	11/25/13	13.9	14.05	13.72	13.8	1584800	13.8	300050	世纪鼎利	SZ110	11/25/13	10.06	10.25	9.87	9.88	15071100	9.88	300051	三五互联	SZ110	11/25/13	32.79	35.98	32.32	34.72	31153500	34.69	300052	中青宝	SZ110	11/25/13	10.88	11.18	10.81	11	4723200	11	300053	欧比特	SZ110	11/25/13	12.73	12.78	12.53	12.53	1904700	8.33	300054	鼎龙股份	SZ110	11/25/13	38.54	38.56	37.39	37.39	1748700	37.39	300055	万邦达	SZ110	11/25/13	29.68	29.96	29.01	29.2	7594500	29.2	300056	三维丝	SZ110	11/25/13	13.48	13.49	13.3	13.33	1610000	13.33	300057	万顺股份	SZ110	11/25/13	52.5	52.6	50.9	51.01	1901700	51.01	300058	蓝色光标	SZ110	11/25/13	18.65	18.79	17.95	18.42	16612000	18.42	300059	东方财富	SZ110	11/25/13	11.24	11.24	10.97	11.06	1569300	11.06	300061	康耐特	SZ110	11/25/13	8.81	8.92	8.7	8.8	1176800	8.8	300062	中能电气	SZ110	11/25/13	10.53	10.91	10.51	10.72	2200000	10.72	300063	天龙集团	SZ110	11/25/13	4.7	4.81	4.69	4.69	4434700	4.69	300064	豫金刚石	SZ110	11/25/13	14.15	14.15	13.9	14.15	7139500	14.15	300065	海兰信	SZ110	11/25/13	13.35	14.99	13.22	14.7	11750500	14.7	300066	三川股份	SZ110	11/25/13	10.65	10.97	10.5	10.54	3185800	10.54	300067	安诺其	SZ110	11/25/13	7.46	7.47	7.23	7.26	10704200	7.26	300068	南都电源	SZ110	11/25/13	9.92	10.05	9.82	9.94	663400	9.94	300069	金利华电	SZ110	11/25/13	43.36	44.21	42.94	43.87	3781300	43.87	300070	碧水源	SZ110	11/25/13	58	58	58	58	0	28.95	300071	华谊嘉信	SZ110	11/25/13	18.83	19.16	18.8	18.81	3740200	18.81	300072	三聚环保	SZ110	11/25/13	11.36	11.6	11.23	11.5	2385700	11.5	300073	当升科技	SZ110	11/25/13	15.64	15.75	14.83	14.83	10335800	9.83	300074	华平股份	SZ110	11/25/13	38.35	40.41	38.33	39.59	672000	39.59	300075	数字政通	SZ110	11/25/13	17.1	17.1	16.55	16.7	2299900	16.7	300076	宁波GQY	SZ110	11/25/13	21.68	21.68	21.68	21.68	0	21.68	300077	国民技术	SZ110	11/25/13	27.58	27.6	26.5	27	2144600	27	300078	中瑞思创	SZ110	11/25/13	21.17	21.5	20.9	20.98	4923900	20.98	300079	数码视讯	SZ110	11/25/13	8.45	8.48	8.31	8.32	2197400	8.32	300080	新大新材	SZ110	11/25/13	13.2	13.37	13.12	13.17	1924200	13.17	300081	恒信移动	SZ110	11/25/13	11.36	11.37	11.08	11.18	3579000	11.18	300082	奥克股份	SZ110	11/25/13	17.45	17.87	17.2	17.61	1061900	17.61	300083	劲胜股份	SZ110	11/25/13	17.2	17.78	16.7	17.1	7555800	17.1	300084	海默科技	SZ110	11/25/13	49.2	51.5	49.2	51.28	1395300	25.6	300085	银之杰	SZ110	11/25/13	13.31	13.74	13.15	13.5	3228500	13.5	300086	康芝药业	SZ110	11/25/13	12.08	12.51	11.93	12.38	4477000	12.38	300087	荃银高科	SZ110	11/25/13	16.55	16.55	16.55	16.55	0	16.55	300088	长信科技	SZ110	11/25/13	8.8	8.89	8.7	8.77	930400	8.77	300089	长城集团	SZ110	11/25/13	32.65	33.54	32.5	32.87	1149500	32.87	300090	盛运股份	SZ110	11/25/13	13.28	13.38	13.13	13.33	1079000	13.33	300091	金通灵	SZ110	11/25/13	10.65	10.97	10.62	10.73	1616200	10.73	300092	科新机电	SZ110	11/25/13	7.28	7.64	7.18	7.39	9840400	7.39	300093	金刚玻璃	SZ110	11/25/13	7.32	7.49	7.25	7.35	1565400	7.35	300094	国联水产	SZ110	11/25/13	11.03	11.3	10.9	11.17	2130800	11.17	300095	华伍股份	SZ110	11/25/13	28.16	28.2	26.45	26.45	3972100	26.45	300096	易联众	SZ110	11/25/13	12.09	12.85	11.85	12.71	5338100	12.71	300097	智云股份	SZ110	11/25/13	15.25	15.38	15	15.15	2030400	15.15	300098	高新兴	SZ110	11/25/13	13.27	13.84	13.05	13.08	6202700	13.08	300099	尤洛卡	SZ110	11/25/13	7.25	7.39	7.25	7.33	3563000	7.33	300100	双林股份	SZ110	11/25/13	18.59	19.08	18.11	18.32	6020200	18.32	300101	国腾电子	SZ110	11/25/13	8.93	9.36	8.92	9.27	4255500	9.27	300102	乾照光电	SZ110	11/25/13	12.1	12.38	12.02	12.09	5156500	12.09	300103	达刚路机	SZ110	11/25/13	40.78	40.78	39.11	39.4	9350300	39.4	300104	乐视网	SZ110	11/25/13	22.66	22.97	22.5	22.69	1410500	22.69	300105	龙源技术	SZ110	11/25/13	18.8	19.09	18.61	19.02	2156800	19.02	300106	西部牧业	SZ110	11/25/13	31	31	30.2	30.8	1307200	15.4	300107	建新股份	SZ110	11/25/13	7.14	7.14	7.14	7.14	0	7.09	300108	双龙股份	SZ110	11/25/13	9.61	9.87	9.58	9.73	677300	9.73	300109	新开源	SZ110	11/25/13	9.09	9.15	8.9	9.06	2613100	9.06	300110	华仁药业	SZ110	11/25/13	3.94	4.02	3.91	3.96	69909500	3.96	300111	向日葵	SZ110	11/25/13	9.18	9.49	9.02	9.33	5595200	9.33	300112	万讯自控	SZ110	11/25/13	46.02	47.79	45.47	46.44	3032700	46.44	300113	顺网科技	SZ110	11/25/13	16.33	17.59	16.33	17.59	3470800	17.59	300114	中航电测	SZ110	11/25/13	33.71	33.79	32.88	33.55	972400	33.55	300115	长盈精密	SZ110	11/25/13	5.99	5.99	5.99	5.99	0	5.99	300116	坚瑞消防	SZ110	11/25/13	7.53	7.8	7.51	7.8	3550400	7.8	300117	嘉寓股份	SZ110	11/25/13	8.2	8.2	7.89	7.99	7661400	7.99	300118	东方日升	SZ110	11/25/13	49.22	49.22	47.87	48.38	842800	24.06	300119	瑞普生物	SZ110	11/25/13	7.36	7.44	7.34	7.38	1124600	7.38	300120	经纬电材	SZ110	11/25/13	10.72	10.8	10.65	10.73	544300	10.73	300121	阳谷华泰	SZ110	11/25/13	51.48	51.48	47	48.14	2367500	48.14	300122	智飞生物	SZ110	11/25/13	15.35	15.98	15.32	15.71	3960400	15.71	300123	太阳鸟	SZ110	11/25/13	51.9	52.3	50.28	51.99	1990100	51.99	300124	汇川技术	SZ110	11/25/13	13.78	14.39	13.62	14.16	2218300	14.16	300125	易世达	SZ110	11/25/13	10.45	11.08	10.35	10.82	4958200	10.82	300126	锐奇股份	SZ110	11/25/13	34.32	34.66	34.02	34.32	762300	16.99	300127	银河磁体	SZ110	11/25/13	12.03	12.45	11.82	12.42	8652300	12.42	300128	锦富新材	SZ110	11/25/13	6.85	6.88	6.7	6.71	5564500	6.71	300129	泰胜风能	SZ110	11/25/13	15.32	15.32	15.32	15.32	0	15.32	300130	新国都	SZ110	11/25/13	8.4	8.4	8.4	8.4	0	8.4	300131	英唐智控	SZ110	11/25/13	10.04	10.48	9.97	10.09	2855900	10.09	300132	青松股份	SZ110	11/25/13	29.3	29.82	28.88	29.12	3645200	29.12	300133	华策影视	SZ110	11/25/13	12.45	12.67	12.25	12.33	5100400	12.33	300134	大富科技	SZ110	11/25/13	6.9	7.09	6.8	6.84	13204200	6.84	300135	宝利沥青	SZ110	11/25/13	15.19	15.67	15.07	15.48	1998600	15.48	300136	信维通信	SZ110	11/25/13	19.8	20.45	19.8	20.09	4515600	20.09	300137	先河环保	SZ110	11/25/13	8.54	8.62	8.53	8.57	902000	8.57	300138	晨光生物	SZ110	11/25/13	24.81	24.89	24.01	24.66	1541700	24.66	300139	福星晓程	SZ110	11/25/13	18.95	19.04	18.53	18.97	804100	18.97	300140	启源装备	SZ110	11/25/13	8.5	8.66	8.4	8.5	661000	8.42	300141	和顺电气	SZ110	11/25/13	35.84	36.4	35.57	36.04	541100	36.04	300142	沃森生物	SZ110	11/25/13	9.8	9.8	9.8	9.8	0	9.8	300143	星河生物	SZ110	11/25/13	17.41	17.77	17.31	17.36	3431300	17.3	300144	宋城股份	SZ110	11/25/13	30.5	31.18	30.4	30.5	238200	30.5	300145	南方泵业	SZ110	11/25/13	35.08	35.24	34.75	35.1	1491000	17.05	300146	汤臣倍健	SZ110	11/25/13	18.69	18.92	18.41	18.89	1227600	18.89	300147	香雪制药	SZ110	11/25/13	28.5	29.16	28.04	28.19	11313500	18.75	300148	天舟文化	SZ110	11/25/13	9.48	9.88	9.27	9.35	9964500	9.35	300149	量子高科	SZ110	11/25/13	9.21	9.45	9.12	9.36	3604200	9.36	300150	世纪瑞尔	SZ110	11/25/13	16.15	16.9	15.83	16.68	2467600	16.68	300151	昌红科技	SZ110	11/25/13	13.3	13.3	12.82	12.84	9116300	12.84	300152	燃控科技	SZ110	11/25/13	9.15	9.38	9.13	9.21	990400	9.21	300153	科泰电源	SZ110	11/25/13	10.45	11.02	10.44	10.8	4573900	10.8	300154	瑞凌股份	SZ110	11/25/13	21.05	21.75	20.8	21.16	1641900	21.16	300155	安居宝	SZ110	11/25/13	12.31	12.46	12.2	12.2	6027500	12.2	300156	天立环保	SZ110	11/25/13	22.7	22.97	22.51	22.57	2074600	22.57	300157	恒泰艾普	SZ110	11/25/13	13.19	13.39	13.07	13.2	1482900	13.2	300158	振东制药	SZ110	11/25/13	34.7	35.98	33.94	33.98	3475900	16.64	300159	新研股份	SZ110	11/25/13	7.89	8.2	7.83	7.87	2247700	7.87	300160	秀强股份	SZ110	11/25/13	22.72	23.2	22.21	22.85	2604500	22.85	300161	华中数控	SZ110	11/25/13	14.17	14.62	13.95	14.28	2827500	14.18	300162	雷曼光电	SZ110	11/25/13	19.12	19.95	18.36	19.95	6003600	19.95	300163	先锋新材	SZ110	11/25/13	15.41	16.04	15.33	15.8	9310600	15.8	300164	通源石油	SZ110	11/25/13	16.01	16.01	16.01	16.01	0	15.94	300165	天瑞仪器	SZ110	11/25/13	24.01	26.42	23.9	25.29	2217400	25.29	300166	东方国信	SZ110	11/25/13	16.53	16.97	16.39	16.88	1787300	16.88	300167	迪威视讯	SZ110	11/25/13	31.94	32.49	31	31.45	770600	31.45	300168	万达信息	SZ110	11/25/13	6.35	6.35	6.35	6.35	0	6.35	300169	天晟新材	SZ110	11/25/13	15.91	16.45	15.7	16.08	3476100	16.08	300170	汉得信息	SZ110	11/25/13	33.7	34.68	33.41	33.55	2935900	33.55	300171	东富龙	SZ110	11/25/13	21.98	22.37	21.75	21.98	3147300	16.8	300172	中电环保	SZ110	11/25/13	8.94	9.08	8.91	9.03	1059700	9.03	300173	松德股份	SZ110	11/25/13	8.44	8.67	8.44	8.6	998700	8.56	300174	元力股份	SZ110	11/25/13	4.7	4.73	4.61	4.69	5389500	4.69	300175	朗源股份	SZ110	11/25/13	10.69	11.24	10.6	10.83	2102300	10.83	300176	鸿特精密	SZ110	11/25/13	25	25.77	24.81	25.1	4192500	25.1	300177	中海达	SZ110	11/25/13	27.35	29.38	27.13	28.98	4152400	28.98	300178	腾邦国际	SZ110	11/25/13	8.88	9.01	8.55	8.67	7842400	8.67	300179	四方达	SZ110	11/25/13	13.7	14.42	13.62	14.2	2850300	14.2	300180	华峰超纤	SZ110	11/25/13	8.49	8.67	8.47	8.55	2336700	3.75	300181	佐力药业	SZ110	11/25/13	41.01	42.38	40.89	42.14	220900	42.14	300182	捷成股份	SZ110	11/25/13	32.9	32.9	32.1	32.18	3019200	32.18	300183	东软载波	SZ110	11/25/13	17.22	17.31	16.8	16.92	2314400	11.28	300184	力源信息	SZ110	11/25/13	3.94	3.98	3.92	3.93	3280200	3.93	300185	通裕重工	SZ110	11/25/13	8.42	8.63	8.36	8.58	2921500	8.58	300186	大华农	SZ110	11/25/13	29.45	29.48	28.76	29	2737300	29	300187	永清环保	SZ110	11/25/13	3.32	3.37	3.3	3.31	6951800	3.31	301	东方市场	SZ110	11/25/13	3.9	3.92	3.85	3.87	5955800	3.87	31	中粮地产	SZ110	11/25/13	9.2	9.29	9.15	9.17	1469100	9.17	32	深桑达Ａ	SZ110	11/25/13	4.42	4.55	4.35	4.46	6787300	4.46	33	新都酒店	SZ110	11/25/13	19.7	20.15	19.6	19.98	10987100	19.98	338	潍柴动力	SZ110	11/25/13	4.26	4.31	4.23	4.27	2196700	4.27	34	ST深泰	SZ110	11/25/13	11.68	11.77	11.61	11.65	1504300	11.65	35	*ST科健	SZ110	11/25/13	3.09	3.17	3.09	3.1	12004800	3.1	36	华联控股	SZ110	11/25/13	3.92	4.1	3.9	4.03	2478500	4.03	37	深南电Ａ	SZ110	11/25/13	13.99	14.36	13.81	14.01	21146100	14.01	39	中集集团	SZ110	11/25/13	12.1	12.25	12.01	12.08	672600	12.08	4	ST国农	SZ110	11/25/13	4.19	4.24	4.18	4.2	2294300	4.2	40	深 鸿 基	SZ110	11/25/13	31.34	31.57	30.8	30.94	2772900	30.94	400	许继电气	SZ110	11/25/13	8.7	8.94	8.67	8.83	9137100	8.83	401	冀东水泥	SZ110	11/25/13	5.13	5.27	5.11	5.26	26155300	5.26	402	金 融 街	SZ